# Angles for annie_jab.mp4
# time, frame, left_elbow_deg, right_elbow_deg
16:00:00.000,      1, 10.6, 10.0
16:00:00.033,      2, 11.5, 9.6
16:00:00.067,      3, 10.6, 9.4
16:00:00.100,      4, 7.3, 8.7
16:00:00.133,      5, 0.5, 3.4
16:00:00.167,      6, 28.6, 1.0
16:00:00.200,      7, NaN, 4.0
16:00:00.233,      8, NaN, 8.5
16:00:00.267,      9, NaN, 5.9
16:00:00.300,     10, 156.8, 5.7
16:00:00.333,     11, 129.0, 5.3
16:00:00.367,     12, 39.5, 6.2
16:00:00.400,     13, 5.3, 5.4
16:00:00.433,     14, 7.5, 4.8
16:00:00.467,     15, 6.9, 3.2
16:00:00.500,     16, 8.8, 3.0
16:00:00.533,     17, 8.8, 2.8
16:00:00.567,     18, 7.8, 2.7
16:00:00.600,     19, 7.4, 2.8
16:00:00.633,     20, 8.2, 2.6
16:00:00.667,     21, 9.8, 2.3
16:00:00.700,     22, 10.9, 1.8
16:00:00.733,     23, 12.0, 1.6
16:00:00.767,     24, 15.7, 4.4
16:00:00.800,     25, 19.9, 7.3
16:00:00.832,     26, 24.5, 9.4
16:00:00.865,     27, 29.5, 11.9
16:00:00.898,     28, 27.4, 17.3
16:00:00.932,     29, 25.7, 23.2
16:00:00.965,     30, 25.6, 30.6
16:00:00.998,     31, 25.7, 39.9
16:00:01.032,     32, 26.6, 40.1
16:00:01.065,     33, 28.2, 36.3
16:00:01.098,     34, 27.2, 35.1
16:00:01.132,     35, 26.7, 34.3
16:00:01.165,     36, 24.3, 32.9
16:00:01.198,     37, 25.5, 31.0
16:00:01.232,     38, 26.4, 29.4
16:00:01.265,     39, 26.6, 29.5
16:00:01.298,     40, 28.1, 28.8
16:00:01.332,     41, 29.7, 28.7
16:00:01.365,     42, 31.9, 27.4
16:00:01.398,     43, 34.0, 28.6
16:00:01.432,     44, 35.8, 29.3
16:00:01.465,     45, 36.5, 30.6
16:00:01.498,     46, 35.9, 31.6
16:00:01.532,     47, 36.7, 33.9
16:00:01.565,     48, 37.2, 32.3
16:00:01.598,     49, 37.4, 31.9
16:00:01.632,     50, 37.8, 31.4
16:00:01.665,     51, 38.4, 29.9
16:00:01.698,     52, 39.3, 29.3
16:00:01.732,     53, 39.5, 28.2
16:00:01.765,     54, 39.2, 27.9
16:00:01.798,     55, 39.2, 28.2
16:00:01.832,     56, 39.5, 28.5
16:00:01.865,     57, 38.8, 28.3
16:00:01.898,     58, 38.1, 27.5
16:00:01.932,     59, 36.8, 28.2
16:00:01.965,     60, 35.6, 28.5
16:00:01.998,     61, 35.3, 27.1
16:00:02.032,     62, 35.8, 26.7
16:00:02.065,     63, 35.1, 26.3
16:00:02.098,     64, 35.0, 26.6
16:00:02.132,     65, 35.4, 26.9
16:00:02.165,     66, 35.2, 26.8
16:00:02.198,     67, 35.1, 26.7
16:00:02.232,     68, 35.5, 27.5
16:00:02.265,     69, 36.2, 26.6
16:00:02.298,     70, 36.8, 26.9
16:00:02.332,     71, 37.2, 26.9
16:00:02.365,     72, 37.3, 26.7
16:00:02.398,     73, 38.1, 26.5
16:00:02.432,     74, 38.2, 28.1
16:00:02.465,     75, 38.3, 28.1
16:00:02.498,     76, 38.3, 28.0
16:00:02.530,     77, 38.4, 27.9
16:00:02.563,     78, 39.0, 27.4
16:00:02.597,     79, 39.2, 28.1
16:00:02.630,     80, 39.5, 27.4
16:00:02.663,     81, 39.0, 27.5
16:00:02.697,     82, 39.2, 27.2
16:00:02.730,     83, 39.5, 26.7
16:00:02.763,     84, 31.5, 22.5
16:00:02.797,     85, 20.1, 14.9
16:00:02.830,     86, 14.5, 10.5
16:00:02.863,     87, 10.4, 6.2
16:00:02.897,     88, 9.0, 3.2
16:00:02.930,     89, 8.8, 1.1
16:00:02.963,     90, 8.8, 1.4
16:00:02.997,     91, 8.9, 0.1
16:00:03.030,     92, 8.7, 1.6
16:00:03.063,     93, NaN, 2.4
16:00:03.097,     94, 9.2, 5.0
16:00:03.130,     95, 8.5, 6.2
16:00:03.163,     96, 8.3, 7.0
16:00:03.197,     97, 8.4, 7.1
16:00:03.230,     98, 8.1, 6.2
16:00:03.263,     99, 7.9, 5.2
16:00:03.297,    100, 7.3, 3.8
16:00:03.330,    101, 4.7, 3.5
16:00:03.363,    102, NaN, 2.6
16:00:03.397,    103, 0.5, 0.4
16:00:03.430,    104, 15.5, 1.8
16:00:03.463,    105, 114.2, 4.7
16:00:03.497,    106, 142.1, 4.4
16:00:03.530,    107, 88.4, 5.5
16:00:03.563,    108, 2.4, 11.3
16:00:03.597,    109, 6.1, 21.9
16:00:03.630,    110, 1.7, 70.9
16:00:03.663,    111, 5.7, 138.6
16:00:03.697,    112, 7.3, 161.4
16:00:03.730,    113, 8.1, 68.8
16:00:03.763,    114, 6.8, 2.4
16:00:03.797,    115, 12.2, 2.7
16:00:03.830,    116, 40.2, 4.8
16:00:03.863,    117, 117.9, 8.3
16:00:03.897,    118, NaN, 7.2
16:00:03.930,    119, 142.4, 8.2
16:00:03.963,    120, 23.3, 14.4
16:00:03.997,    121, 4.6, 19.1
16:00:04.030,    122, 7.4, 88.4
16:00:04.063,    123, 3.1, 152.7
16:00:04.097,    124, 1.9, 149.3
16:00:04.130,    125, NaN, 77.5
16:00:04.162,    126, NaN, 17.5
16:00:04.195,    127, 10.6, 12.6
16:00:04.228,    128, 57.1, 17.5
16:00:04.262,    129, NaN, 20.1
16:00:04.295,    130, 174.0, 15.0
16:00:04.328,    131, 123.1, 5.6
16:00:04.362,    132, 29.0, 2.3
16:00:04.395,    133, 9.4, 2.7
16:00:04.428,    134, 4.3, 6.8
16:00:04.462,    135, 2.2, 7.2
16:00:04.495,    136, 1.0, 5.2
16:00:04.528,    137, 3.4, 3.7
16:00:04.562,    138, 6.5, 1.8
16:00:04.595,    139, 8.1, 0.4
16:00:04.628,    140, 9.7, 0.9
16:00:04.662,    141, 10.1, 0.4
16:00:04.695,    142, 10.0, 0.5
16:00:04.728,    143, 9.9, 0.1
16:00:04.762,    144, 10.0, 0.0
16:00:04.795,    145, 12.6, 0.9
16:00:04.828,    146, 14.6, 3.7
16:00:04.862,    147, 20.0, 5.2
16:00:04.895,    148, 37.6, NaN
16:00:04.928,    149, 60.4, 9.6
16:00:04.962,    150, 76.9, 11.5
16:00:04.995,    151, 96.4, 19.9
16:00:05.028,    152, 112.7, NaN
16:00:05.062,    153, 124.6, 141.6
16:00:05.095,    154, 125.0, 128.0
16:00:05.128,    155, 108.5, NaN
16:00:05.162,    156, 88.7, NaN
16:00:05.195,    157, 70.9, NaN
16:00:05.228,    158, 59.0, NaN
16:00:05.262,    159, NaN, 31.1
16:00:05.295,    160, 49.6, 25.6
16:00:05.328,    161, 41.7, NaN
16:00:05.362,    162, 39.1, 19.9
16:00:05.395,    163, 36.2, NaN
16:00:05.428,    164, 35.0, NaN
16:00:05.462,    165, 35.3, 17.6
16:00:05.495,    166, 33.3, 14.9
16:00:05.528,    167, 32.9, 13.4
16:00:05.562,    168, 33.5, NaN
16:00:05.595,    169, 33.3, NaN
16:00:05.628,    170, 31.5, NaN
16:00:05.662,    171, 31.3, NaN
16:00:05.695,    172, 30.9, 9.2
16:00:05.728,    173, 29.4, NaN
16:00:05.762,    174, 29.1, NaN
16:00:05.795,    175, 28.6, NaN
16:00:05.828,    176, 27.9, 7.5
16:00:05.860,    177, 27.9, 7.8
16:00:05.893,    178, 29.3, 7.6
16:00:05.927,    179, 29.6, 8.6
16:00:05.960,    180, 30.1, 8.6
16:00:05.993,    181, 29.3, 9.1
16:00:06.027,    182, 30.0, 10.0
16:00:06.060,    183, 33.1, NaN
16:00:06.093,    184, 42.0, NaN
16:00:06.127,    185, 77.9, NaN
16:00:06.160,    186, 152.4, NaN
16:00:06.193,    187, NaN, NaN
16:00:06.227,    188, NaN, NaN
16:00:06.260,    189, NaN, NaN
16:00:06.293,    190, NaN, NaN
16:00:06.327,    191, 114.0, NaN
16:00:06.360,    192, 58.3, NaN
16:00:06.393,    193, 39.4, NaN
16:00:06.427,    194, 26.8, NaN
16:00:06.460,    195, 28.9, NaN
16:00:06.493,    196, 38.6, NaN
16:00:06.527,    197, 49.1, NaN
16:00:06.560,    198, 70.5, NaN
16:00:06.593,    199, 124.6, NaN
16:00:06.627,    200, NaN, NaN
16:00:06.660,    201, 179.1, NaN
16:00:06.693,    202, 172.9, NaN
16:00:06.727,    203, NaN, NaN
16:00:06.760,    204, 120.6, NaN
16:00:06.793,    205, 61.9, NaN
16:00:06.827,    206, 48.3, NaN
16:00:06.860,    207, 24.8, NaN
16:00:06.893,    208, NaN, NaN
16:00:06.927,    209, 48.9, NaN
16:00:06.960,    210, 94.2, NaN
16:00:06.993,    211, NaN, NaN
16:00:07.027,    212, NaN, NaN
16:00:07.060,    213, NaN, NaN
16:00:07.093,    214, 171.5, NaN
16:00:07.127,    215, 143.3, NaN
16:00:07.160,    216, 95.0, NaN
16:00:07.193,    217, 48.5, NaN
16:00:07.227,    218, NaN, NaN
16:00:07.260,    219, NaN, NaN
16:00:07.293,    220, 41.8, NaN
16:00:07.327,    221, NaN, NaN
16:00:07.360,    222, NaN, 141.2
16:00:07.393,    223, NaN, NaN
16:00:07.460,    225, NaN, NaN
16:00:07.492,    226, NaN, NaN
16:00:07.525,    227, NaN, NaN
16:00:07.558,    228, NaN, NaN
16:00:07.592,    229, 51.2, NaN
16:00:07.625,    230, 37.1, NaN
16:00:07.658,    231, 32.9, NaN
16:00:07.692,    232, 37.8, NaN
16:00:07.725,    233, 38.3, NaN
16:00:07.758,    234, 39.1, NaN
16:00:07.792,    235, 36.4, NaN
16:00:07.825,    236, 36.6, NaN
16:00:07.858,    237, 36.7, NaN
16:00:07.892,    238, 37.8, NaN
16:00:07.925,    239, 47.5, NaN
16:00:07.958,    240, 81.8, NaN
16:00:07.992,    241, NaN, NaN
16:00:08.025,    242, NaN, NaN
16:00:08.058,    243, NaN, NaN
16:00:08.092,    244, NaN, NaN
16:00:08.125,    245, NaN, NaN
16:00:08.158,    246, NaN, NaN
16:00:08.192,    247, NaN, NaN
16:00:08.225,    248, 28.4, NaN
16:00:08.258,    249, 26.5, NaN
16:00:08.292,    250, 29.6, NaN
16:00:08.325,    251, 31.6, NaN
16:00:08.358,    252, 29.1, NaN
16:00:08.392,    253, 28.2, NaN
16:00:08.425,    254, 28.9, NaN
16:00:08.458,    255, 29.5, NaN
16:00:08.492,    256, 28.8, NaN
16:00:08.525,    257, 30.9, NaN
16:00:08.558,    258, 39.0, NaN
16:00:08.592,    259, 67.2, NaN
16:00:08.625,    260, NaN, NaN
16:00:08.658,    261, NaN, NaN
16:00:08.758,    264, NaN, NaN
16:00:08.792,    265, NaN, NaN
16:00:08.825,    266, 88.7, NaN
16:00:08.858,    267, 58.0, NaN
16:00:08.892,    268, 34.7, NaN
16:00:08.925,    269, 25.6, NaN
16:00:08.958,    270, 32.0, NaN
16:00:08.992,    271, 34.9, NaN
16:00:09.025,    272, 34.6, NaN
16:00:09.058,    273, 32.7, NaN
16:00:09.092,    274, 31.2, NaN
16:00:09.125,    275, 33.2, NaN
16:00:09.158,    276, 37.0, NaN
16:00:09.190,    277, 39.3, NaN
16:00:09.223,    278, 42.0, NaN
16:00:09.257,    279, 46.8, NaN
16:00:09.290,    280, NaN, NaN
16:00:09.323,    281, 67.7, NaN
16:00:09.357,    282, 71.6, NaN
16:00:09.390,    283, 71.7, NaN
16:00:09.423,    284, 72.0, NaN
16:00:09.457,    285, 68.0, NaN
16:00:09.490,    286, 58.9, NaN
16:00:09.523,    287, 57.6, 5.5
16:00:09.557,    288, 57.5, 4.2
16:00:09.590,    289, 54.8, NaN
16:00:09.623,    290, 54.8, NaN
16:00:09.657,    291, 51.7, NaN
16:00:09.690,    292, 49.4, NaN
16:00:09.723,    293, 49.5, NaN
16:00:09.757,    294, 49.9, NaN
16:00:09.790,    295, 50.7, NaN
16:00:09.823,    296, 50.7, NaN
16:00:09.857,    297, 50.5, NaN
16:00:09.890,    298, 51.0, NaN
16:00:09.923,    299, 50.5, NaN
16:00:09.957,    300, 49.2, NaN
16:00:09.990,    301, 50.6, NaN
16:00:10.023,    302, 52.5, NaN
16:00:10.057,    303, 53.6, NaN
16:00:10.090,    304, 54.5, NaN
16:00:10.123,    305, 56.0, NaN
16:00:10.157,    306, 61.3, NaN
16:00:10.190,    307, 65.3, NaN
16:00:10.223,    308, 68.9, NaN
16:00:10.257,    309, 69.6, NaN
16:00:10.290,    310, 68.8, NaN
16:00:10.323,    311, 71.8, NaN
16:00:10.357,    312, 69.7, NaN
16:00:10.390,    313, 69.3, NaN
16:00:10.423,    314, 69.2, 92.1
16:00:10.457,    315, 68.5, 69.2
16:00:10.490,    316, NaN, 37.9
16:00:10.523,    317, 66.3, 26.4
16:00:10.557,    318, 62.4, 12.3
16:00:10.590,    319, 65.3, 0.9
16:00:10.623,    320, 56.2, 1.5
16:00:10.657,    321, 47.9, 0.6
16:00:10.690,    322, 37.9, 0.2
16:00:10.723,    323, 25.4, NaN
16:00:10.757,    324, 14.2, 0.3
16:00:10.790,    325, 5.9, 4.5
16:00:10.822,    326, 2.9, 10.8
16:00:10.855,    327, 14.0, 15.4
16:00:10.888,    328, 27.5, 22.4
16:00:10.922,    329, 30.7, 27.3
16:00:10.955,    330, 31.9, 31.1
16:00:10.988,    331, 26.9, 31.2
16:00:11.022,    332, 23.5, 31.7
16:00:11.055,    333, 20.2, 31.7
16:00:11.088,    334, NaN, 33.3
16:00:11.122,    335, 13.7, 33.6
16:00:11.155,    336, 13.4, 33.4
16:00:11.188,    337, NaN, 33.6
16:00:11.222,    338, NaN, 34.2
16:00:11.255,    339, NaN, 32.6
16:00:11.288,    340, NaN, 31.6
16:00:11.322,    341, NaN, 32.0
16:00:11.355,    342, NaN, 33.0
16:00:11.388,    343, NaN, 31.9
16:00:11.422,    344, NaN, 30.9
16:00:11.455,    345, NaN, 32.5
16:00:11.488,    346, NaN, 33.8
16:00:11.522,    347, NaN, 33.8
16:00:11.555,    348, NaN, 33.1
16:00:11.588,    349, NaN, 32.5
16:00:11.622,    350, NaN, 32.7
16:00:11.655,    351, NaN, 33.1
16:00:11.688,    352, NaN, 32.5
16:00:11.722,    353, NaN, 32.9
16:00:11.755,    354, NaN, 33.6
16:00:11.788,    355, NaN, 33.7
16:00:11.822,    356, NaN, 34.2
16:00:11.855,    357, NaN, 34.6
16:00:11.888,    358, NaN, 34.2
16:00:11.922,    359, NaN, 34.8
16:00:11.955,    360, NaN, 40.9
16:00:11.988,    361, NaN, 62.7
16:00:12.022,    362, NaN, NaN
16:00:12.055,    363, NaN, NaN
16:00:12.088,    364, NaN, NaN
16:00:12.122,    365, NaN, NaN
16:00:12.155,    366, NaN, 120.9
16:00:12.188,    367, NaN, 82.1
16:00:12.222,    368, NaN, 51.0
16:00:12.255,    369, NaN, 31.2
16:00:12.288,    370, NaN, 25.5
16:00:12.322,    371, NaN, 28.3
16:00:12.355,    372, NaN, 32.8
16:00:12.388,    373, NaN, 32.1
16:00:12.422,    374, NaN, 31.1
16:00:12.455,    375, NaN, 31.5
16:00:12.488,    376, NaN, 32.0
16:00:12.520,    377, NaN, 32.6
16:00:12.553,    378, NaN, 33.6
16:00:12.587,    379, NaN, 32.7
16:00:12.620,    380, NaN, 32.4
16:00:12.653,    381, NaN, 32.1
16:00:12.687,    382, NaN, 31.8
16:00:12.720,    383, NaN, 32.3
16:00:12.753,    384, NaN, 32.4
16:00:12.787,    385, NaN, 31.9
16:00:12.820,    386, NaN, 32.2
16:00:12.853,    387, NaN, 32.5
16:00:12.887,    388, NaN, 32.4
16:00:12.920,    389, NaN, 32.3
16:00:12.953,    390, NaN, 33.1
16:00:12.987,    391, NaN, 34.4
16:00:13.020,    392, NaN, 37.9
16:00:13.053,    393, NaN, 55.8
16:00:13.087,    394, NaN, 77.3
16:00:13.120,    395, NaN, NaN
16:00:13.287,    400, NaN, NaN
16:00:13.320,    401, NaN, 63.5
16:00:13.353,    402, NaN, 40.9
16:00:13.387,    403, NaN, NaN
16:00:13.453,    405, NaN, NaN
16:00:13.487,    406, NaN, 30.2
16:00:13.520,    407, NaN, 34.4
16:00:13.553,    408, NaN, 34.6
16:00:13.587,    409, NaN, 34.3
16:00:13.620,    410, NaN, 33.7
16:00:13.653,    411, NaN, 32.6
16:00:13.687,    412, NaN, 32.6
16:00:13.720,    413, NaN, 32.6
16:00:13.753,    414, NaN, 32.2
16:00:13.787,    415, NaN, 32.2
16:00:13.820,    416, NaN, 32.3
16:00:13.853,    417, NaN, 31.9
16:00:13.887,    418, NaN, 31.5
16:00:13.920,    419, NaN, 31.8
16:00:13.953,    420, NaN, 33.0
16:00:13.987,    421, NaN, 42.6
16:00:14.020,    422, NaN, 61.0
16:00:14.053,    423, NaN, 94.4
16:00:14.087,    424, NaN, NaN
16:00:14.120,    425, NaN, NaN
16:00:14.152,    426, NaN, NaN
16:00:14.252,    429, NaN, NaN
16:00:14.285,    430, NaN, 62.7
16:00:14.318,    431, NaN, 43.6
16:00:14.352,    432, NaN, 29.4
16:00:14.385,    433, NaN, 30.0
16:00:14.418,    434, NaN, 31.9
16:00:14.452,    435, NaN, 34.1
16:00:14.485,    436, NaN, 33.9
16:00:14.518,    437, NaN, 33.1
16:00:14.552,    438, NaN, 33.5
16:00:14.585,    439, NaN, 33.9
16:00:14.618,    440, NaN, 32.3
16:00:14.652,    441, NaN, 31.7
16:00:14.685,    442, NaN, 32.0
16:00:14.718,    443, NaN, 32.3
16:00:14.752,    444, NaN, 33.2
16:00:14.785,    445, NaN, 34.6
16:00:14.818,    446, NaN, 40.2
16:00:14.852,    447, NaN, 51.4
16:00:14.885,    448, NaN, 71.2
16:00:14.918,    449, NaN, 98.9
16:00:14.952,    450, NaN, 121.4
16:00:14.985,    451, NaN, 142.5
16:00:15.018,    452, NaN, 159.1
16:00:15.052,    453, NaN, NaN
16:00:15.085,    454, NaN, 179.6
16:00:15.118,    455, NaN, 178.5
16:00:15.152,    456, NaN, 177.6
16:00:15.185,    457, NaN, 173.4
16:00:15.218,    458, NaN, 172.1
16:00:15.252,    459, NaN, 174.1
16:00:15.285,    460, NaN, 176.9
